(kicad_pcb (version 20171130) (host pcbnew "(5.1.0)-1")

  (general
    (thickness 1.6)
    (drawings 8)
    (tracks 527)
    (zones 0)
    (modules 74)
    (nets 137)
  )

  (page A4)
  (title_block
    (date "mar. 31 mars 2015")
  )

  (layers
    (0 F.Cu signal hide)
    (31 B.Cu signal)
    (32 B.Adhes user)
    (33 F.Adhes user)
    (34 B.Paste user)
    (35 F.Paste user)
    (36 B.SilkS user)
    (37 F.SilkS user)
    (38 B.Mask user)
    (39 F.Mask user)
    (40 Dwgs.User user hide)
    (41 Cmts.User user)
    (42 Eco1.User user)
    (43 Eco2.User user)
    (44 Edge.Cuts user)
    (45 Margin user)
    (46 B.CrtYd user)
    (47 F.CrtYd user)
    (48 B.Fab user)
    (49 F.Fab user hide)
  )

  (setup
    (last_trace_width 0.25)
    (user_trace_width 0.75)
    (trace_clearance 0.2)
    (zone_clearance 0.508)
    (zone_45_only no)
    (trace_min 0.2)
    (via_size 0.6)
    (via_drill 0.4)
    (via_min_size 0.4)
    (via_min_drill 0.3)
    (uvia_size 0.3)
    (uvia_drill 0.1)
    (uvias_allowed no)
    (uvia_min_size 0.2)
    (uvia_min_drill 0.1)
    (edge_width 0.15)
    (segment_width 0.15)
    (pcb_text_width 0.3)
    (pcb_text_size 1.5 1.5)
    (mod_edge_width 0.15)
    (mod_text_size 1 1)
    (mod_text_width 0.15)
    (pad_size 3.5 3.3)
    (pad_drill 0)
    (pad_to_mask_clearance 0)
    (aux_axis_origin 103.378 121.666)
    (visible_elements 7FFFFFFF)
    (pcbplotparams
      (layerselection 0x010f0_ffffffff)
      (usegerberextensions false)
      (usegerberattributes false)
      (usegerberadvancedattributes false)
      (creategerberjobfile false)
      (excludeedgelayer true)
      (linewidth 0.100000)
      (plotframeref false)
      (viasonmask false)
      (mode 1)
      (useauxorigin false)
      (hpglpennumber 1)
      (hpglpenspeed 20)
      (hpglpendiameter 15.000000)
      (psnegative false)
      (psa4output false)
      (plotreference true)
      (plotvalue true)
      (plotinvisibletext false)
      (padsonsilk false)
      (subtractmaskfromsilk false)
      (outputformat 1)
      (mirror false)
      (drillshape 0)
      (scaleselection 1)
      (outputdirectory "gerber-2020-03"))
  )

  (net 0 "")
  (net 1 GND)
  (net 2 +5V)
  (net 3 +3V3)
  (net 4 "Net-(J7-Pad2)")
  (net 5 "Net-(J7-Pad1)")
  (net 6 "Net-(J8-Pad2)")
  (net 7 "Net-(J8-Pad1)")
  (net 8 "Net-(J9-Pad2)")
  (net 9 "Net-(J9-Pad1)")
  (net 10 /arduino_mega/SDA)
  (net 11 /arduino_mega/SCL)
  (net 12 /voltage_current_meas/A1)
  (net 13 "Net-(R17-Pad1)")
  (net 14 "Net-(R18-Pad1)")
  (net 15 "Net-(R19-Pad1)")
  (net 16 /arduino_mega/A2)
  (net 17 /arduino_mega/A1)
  (net 18 /arduino_mega/A0)
  (net 19 /voltage_current_meas/A0)
  (net 20 "Net-(P2-Pad3)")
  (net 21 /arduino_mega/SPI_SCK)
  (net 22 /arduino_mega/SPI_MISO)
  (net 23 /arduino_mega/SPI_MOSI)
  (net 24 /arduino_mega/SPI_CS)
  (net 25 /arduino_mega/SWITCH_1)
  (net 26 /arduino_mega/SWITCH_2)
  (net 27 /arduino_mega/SWITCH_3)
  (net 28 /arduino_mega/TX2)
  (net 29 /arduino_mega/RX2)
  (net 30 /arduino_mega/TX1)
  (net 31 /arduino_mega/RX1)
  (net 32 "Net-(BT1-Pad1)")
  (net 33 "Net-(C2-Pad2)")
  (net 34 "Net-(C2-Pad1)")
  (net 35 "Net-(C4-Pad2)")
  (net 36 "Net-(C4-Pad1)")
  (net 37 "Net-(C5-Pad1)")
  (net 38 "Net-(C6-Pad1)")
  (net 39 "Net-(J1-Pad3)")
  (net 40 "Net-(J1-Pad2)")
  (net 41 "Net-(J1-Pad1)")
  (net 42 "Net-(J2-Pad2)")
  (net 43 "Net-(J2-Pad1)")
  (net 44 "Net-(J3-Pad2)")
  (net 45 "Net-(J3-Pad1)")
  (net 46 "Net-(J4-Pad2)")
  (net 47 "Net-(J4-Pad1)")
  (net 48 "Net-(J5-Pad2)")
  (net 49 "Net-(J6-Pad2)")
  (net 50 "Net-(U1-Pad2)")
  (net 51 "Net-(U1-Pad1)")
  (net 52 "Net-(J5-Pad1)")
  (net 53 "Net-(J6-Pad1)")
  (net 54 "Net-(JP1-Pad2)")
  (net 55 "Net-(JP3-Pad2)")
  (net 56 "Net-(JP5-Pad2)")
  (net 57 "Net-(JP6-Pad2)")
  (net 58 "Net-(JP7-Pad2)")
  (net 59 "Net-(JP8-Pad2)")
  (net 60 "Net-(J10-Pad5)")
  (net 61 "Net-(J10-Pad2)")
  (net 62 "Net-(J10-Pad1)")
  (net 63 "Net-(D1-Pad2)")
  (net 64 /arduino_mega/TX3)
  (net 65 /arduino_mega/RX3)
  (net 66 "Net-(J10-Pad11)")
  (net 67 "Net-(J10-Pad10)")
  (net 68 "Net-(J10-Pad9)")
  (net 69 "Net-(J10-Pad8)")
  (net 70 /arduino_mega/48)
  (net 71 /arduino_mega/49)
  (net 72 /arduino_mega/46)
  (net 73 /arduino_mega/47)
  (net 74 /arduino_mega/44)
  (net 75 /arduino_mega/45)
  (net 76 /arduino_mega/42)
  (net 77 /arduino_mega/43)
  (net 78 /arduino_mega/40)
  (net 79 /arduino_mega/41)
  (net 80 /arduino_mega/38)
  (net 81 /arduino_mega/39)
  (net 82 /arduino_mega/36)
  (net 83 /arduino_mega/37)
  (net 84 /arduino_mega/34)
  (net 85 /arduino_mega/35)
  (net 86 /arduino_mega/32)
  (net 87 /arduino_mega/33)
  (net 88 /arduino_mega/30)
  (net 89 /arduino_mega/31)
  (net 90 /arduino_mega/28)
  (net 91 /arduino_mega/29)
  (net 92 /arduino_mega/26)
  (net 93 /arduino_mega/27)
  (net 94 /arduino_mega/24)
  (net 95 /arduino_mega/25)
  (net 96 /arduino_mega/22)
  (net 97 /arduino_mega/23)
  (net 98 "Net-(P2-Pad1)")
  (net 99 "Net-(P2-Pad2)")
  (net 100 "Net-(P2-Pad4)")
  (net 101 /arduino_mega/Vin)
  (net 102 "Net-(P3-Pad6)")
  (net 103 "Net-(P3-Pad7)")
  (net 104 "Net-(P3-Pad8)")
  (net 105 "Net-(P4-Pad1)")
  (net 106 "Net-(P4-Pad2)")
  (net 107 "Net-(P4-Pad3)")
  (net 108 "Net-(P4-Pad4)")
  (net 109 "Net-(P4-Pad5)")
  (net 110 "Net-(P4-Pad6)")
  (net 111 "Net-(P4-Pad7)")
  (net 112 "Net-(P4-Pad8)")
  (net 113 /arduino_mega/AREF)
  (net 114 "Net-(P5-Pad5)")
  (net 115 "Net-(P5-Pad6)")
  (net 116 "Net-(P5-Pad7)")
  (net 117 "Net-(P5-Pad8)")
  (net 118 "Net-(P5-Pad9)")
  (net 119 "Net-(P5-Pad10)")
  (net 120 "/arduino_mega/7(**)")
  (net 121 "/arduino_mega/6(**)")
  (net 122 "/arduino_mega/5(**)")
  (net 123 "Net-(P6-Pad7)")
  (net 124 "Net-(P6-Pad8)")
  (net 125 "Net-(P7-Pad7)")
  (net 126 "Net-(P7-Pad8)")
  (net 127 "Net-(P10-Pad1)")
  (net 128 "Net-(P11-Pad1)")
  (net 129 "Net-(P13-Pad1)")
  (net 130 "Net-(U1-Pad7)")
  (net 131 "Net-(U5-Pad3)")
  (net 132 "Net-(U6-Pad3)")
  (net 133 "Net-(U7-Pad3)")
  (net 134 "Net-(U9-Pad4)")
  (net 135 "Net-(Y1-Pad3)")
  (net 136 "Net-(Y1-Pad2)")

  (net_class Default "This is the default net class."
    (clearance 0.2)
    (trace_width 0.25)
    (via_dia 0.6)
    (via_drill 0.4)
    (uvia_dia 0.3)
    (uvia_drill 0.1)
    (add_net +3V3)
    (add_net +5V)
    (add_net /arduino_mega/22)
    (add_net /arduino_mega/23)
    (add_net /arduino_mega/24)
    (add_net /arduino_mega/25)
    (add_net /arduino_mega/26)
    (add_net /arduino_mega/27)
    (add_net /arduino_mega/28)
    (add_net /arduino_mega/29)
    (add_net /arduino_mega/30)
    (add_net /arduino_mega/31)
    (add_net /arduino_mega/32)
    (add_net /arduino_mega/33)
    (add_net /arduino_mega/34)
    (add_net /arduino_mega/35)
    (add_net /arduino_mega/36)
    (add_net /arduino_mega/37)
    (add_net /arduino_mega/38)
    (add_net /arduino_mega/39)
    (add_net /arduino_mega/40)
    (add_net /arduino_mega/41)
    (add_net /arduino_mega/42)
    (add_net /arduino_mega/43)
    (add_net /arduino_mega/44)
    (add_net /arduino_mega/45)
    (add_net /arduino_mega/46)
    (add_net /arduino_mega/47)
    (add_net /arduino_mega/48)
    (add_net /arduino_mega/49)
    (add_net "/arduino_mega/5(**)")
    (add_net "/arduino_mega/6(**)")
    (add_net "/arduino_mega/7(**)")
    (add_net /arduino_mega/A0)
    (add_net /arduino_mega/A1)
    (add_net /arduino_mega/A2)
    (add_net /arduino_mega/AREF)
    (add_net /arduino_mega/RX1)
    (add_net /arduino_mega/RX2)
    (add_net /arduino_mega/RX3)
    (add_net /arduino_mega/SCL)
    (add_net /arduino_mega/SDA)
    (add_net /arduino_mega/SPI_CS)
    (add_net /arduino_mega/SPI_MISO)
    (add_net /arduino_mega/SPI_MOSI)
    (add_net /arduino_mega/SPI_SCK)
    (add_net /arduino_mega/SWITCH_1)
    (add_net /arduino_mega/SWITCH_2)
    (add_net /arduino_mega/SWITCH_3)
    (add_net /arduino_mega/TX1)
    (add_net /arduino_mega/TX2)
    (add_net /arduino_mega/TX3)
    (add_net /arduino_mega/Vin)
    (add_net /voltage_current_meas/A0)
    (add_net /voltage_current_meas/A1)
    (add_net GND)
    (add_net "Net-(BT1-Pad1)")
    (add_net "Net-(C2-Pad1)")
    (add_net "Net-(C2-Pad2)")
    (add_net "Net-(C4-Pad1)")
    (add_net "Net-(C4-Pad2)")
    (add_net "Net-(C5-Pad1)")
    (add_net "Net-(C6-Pad1)")
    (add_net "Net-(D1-Pad2)")
    (add_net "Net-(J1-Pad1)")
    (add_net "Net-(J1-Pad2)")
    (add_net "Net-(J1-Pad3)")
    (add_net "Net-(J10-Pad1)")
    (add_net "Net-(J10-Pad10)")
    (add_net "Net-(J10-Pad11)")
    (add_net "Net-(J10-Pad2)")
    (add_net "Net-(J10-Pad5)")
    (add_net "Net-(J10-Pad8)")
    (add_net "Net-(J10-Pad9)")
    (add_net "Net-(J2-Pad1)")
    (add_net "Net-(J2-Pad2)")
    (add_net "Net-(J3-Pad1)")
    (add_net "Net-(J3-Pad2)")
    (add_net "Net-(J4-Pad1)")
    (add_net "Net-(J4-Pad2)")
    (add_net "Net-(J5-Pad1)")
    (add_net "Net-(J5-Pad2)")
    (add_net "Net-(J6-Pad1)")
    (add_net "Net-(J6-Pad2)")
    (add_net "Net-(J7-Pad1)")
    (add_net "Net-(J7-Pad2)")
    (add_net "Net-(J8-Pad1)")
    (add_net "Net-(J8-Pad2)")
    (add_net "Net-(J9-Pad1)")
    (add_net "Net-(J9-Pad2)")
    (add_net "Net-(JP1-Pad2)")
    (add_net "Net-(JP3-Pad2)")
    (add_net "Net-(JP5-Pad2)")
    (add_net "Net-(JP6-Pad2)")
    (add_net "Net-(JP7-Pad2)")
    (add_net "Net-(JP8-Pad2)")
    (add_net "Net-(P10-Pad1)")
    (add_net "Net-(P11-Pad1)")
    (add_net "Net-(P13-Pad1)")
    (add_net "Net-(P2-Pad1)")
    (add_net "Net-(P2-Pad2)")
    (add_net "Net-(P2-Pad3)")
    (add_net "Net-(P2-Pad4)")
    (add_net "Net-(P3-Pad6)")
    (add_net "Net-(P3-Pad7)")
    (add_net "Net-(P3-Pad8)")
    (add_net "Net-(P4-Pad1)")
    (add_net "Net-(P4-Pad2)")
    (add_net "Net-(P4-Pad3)")
    (add_net "Net-(P4-Pad4)")
    (add_net "Net-(P4-Pad5)")
    (add_net "Net-(P4-Pad6)")
    (add_net "Net-(P4-Pad7)")
    (add_net "Net-(P4-Pad8)")
    (add_net "Net-(P5-Pad10)")
    (add_net "Net-(P5-Pad5)")
    (add_net "Net-(P5-Pad6)")
    (add_net "Net-(P5-Pad7)")
    (add_net "Net-(P5-Pad8)")
    (add_net "Net-(P5-Pad9)")
    (add_net "Net-(P6-Pad7)")
    (add_net "Net-(P6-Pad8)")
    (add_net "Net-(P7-Pad7)")
    (add_net "Net-(P7-Pad8)")
    (add_net "Net-(R17-Pad1)")
    (add_net "Net-(R18-Pad1)")
    (add_net "Net-(R19-Pad1)")
    (add_net "Net-(U1-Pad1)")
    (add_net "Net-(U1-Pad2)")
    (add_net "Net-(U1-Pad7)")
    (add_net "Net-(U5-Pad3)")
    (add_net "Net-(U6-Pad3)")
    (add_net "Net-(U7-Pad3)")
    (add_net "Net-(U9-Pad4)")
    (add_net "Net-(Y1-Pad2)")
    (add_net "Net-(Y1-Pad3)")
  )

  (module Capacitor_SMD:C_0805_2012Metric_Pad1.15x1.40mm_HandSolder (layer F.Cu) (tedit 5B36C52B) (tstamp 5E608B3E)
    (at 135.001 89.2175 90)
    (descr "Capacitor SMD 0805 (2012 Metric), square (rectangular) end terminal, IPC_7351 nominal with elongated pad for handsoldering. (Body size source: https://docs.google.com/spreadsheets/d/1BsfQQcO9C6DZCsRaXUlFlo91Tg2WpOkGARC1WS5S8t0/edit?usp=sharing), generated with kicad-footprint-generator")
    (tags "capacitor handsolder")
    (path /5E6B2923/5E60AC24)
    (attr smd)
    (fp_text reference C12 (at 0 -1.65 90) (layer F.SilkS)
      (effects (font (size 1 1) (thickness 0.15)))
    )
    (fp_text value C (at 0 1.65 90) (layer F.Fab)
      (effects (font (size 1 1) (thickness 0.15)))
    )
    (fp_text user %R (at 0 0 90) (layer F.Fab)
      (effects (font (size 0.5 0.5) (thickness 0.08)))
    )
    (fp_line (start 1.85 0.95) (end -1.85 0.95) (layer F.CrtYd) (width 0.05))
    (fp_line (start 1.85 -0.95) (end 1.85 0.95) (layer F.CrtYd) (width 0.05))
    (fp_line (start -1.85 -0.95) (end 1.85 -0.95) (layer F.CrtYd) (width 0.05))
    (fp_line (start -1.85 0.95) (end -1.85 -0.95) (layer F.CrtYd) (width 0.05))
    (fp_line (start -0.261252 0.71) (end 0.261252 0.71) (layer F.SilkS) (width 0.12))
    (fp_line (start -0.261252 -0.71) (end 0.261252 -0.71) (layer F.SilkS) (width 0.12))
    (fp_line (start 1 0.6) (end -1 0.6) (layer F.Fab) (width 0.1))
    (fp_line (start 1 -0.6) (end 1 0.6) (layer F.Fab) (width 0.1))
    (fp_line (start -1 -0.6) (end 1 -0.6) (layer F.Fab) (width 0.1))
    (fp_line (start -1 0.6) (end -1 -0.6) (layer F.Fab) (width 0.1))
    (pad 2 smd roundrect (at 1.025 0 90) (size 1.15 1.4) (layers F.Cu F.Paste F.Mask) (roundrect_rratio 0.217391)
      (net 1 GND))
    (pad 1 smd roundrect (at -1.025 0 90) (size 1.15 1.4) (layers F.Cu F.Paste F.Mask) (roundrect_rratio 0.217391)
      (net 3 +3V3))
    (model ${KISYS3DMOD}/Capacitor_SMD.3dshapes/C_0805_2012Metric.wrl
      (at (xyz 0 0 0))
      (scale (xyz 1 1 1))
      (rotate (xyz 0 0 0))
    )
  )

  (module Capacitor_SMD:C_0805_2012Metric_Pad1.15x1.40mm_HandSolder (layer B.Cu) (tedit 5B36C52B) (tstamp 5E607BAB)
    (at 121.158 96.2025)
    (descr "Capacitor SMD 0805 (2012 Metric), square (rectangular) end terminal, IPC_7351 nominal with elongated pad for handsoldering. (Body size source: https://docs.google.com/spreadsheets/d/1BsfQQcO9C6DZCsRaXUlFlo91Tg2WpOkGARC1WS5S8t0/edit?usp=sharing), generated with kicad-footprint-generator")
    (tags "capacitor handsolder")
    (path /5E6B2923/5E609BD4)
    (attr smd)
    (fp_text reference C11 (at 0 1.65) (layer B.SilkS)
      (effects (font (size 1 1) (thickness 0.15)) (justify mirror))
    )
    (fp_text value C (at 0 -1.65) (layer B.Fab)
      (effects (font (size 1 1) (thickness 0.15)) (justify mirror))
    )
    (fp_text user %R (at 0 0) (layer B.Fab)
      (effects (font (size 0.5 0.5) (thickness 0.08)) (justify mirror))
    )
    (fp_line (start 1.85 -0.95) (end -1.85 -0.95) (layer B.CrtYd) (width 0.05))
    (fp_line (start 1.85 0.95) (end 1.85 -0.95) (layer B.CrtYd) (width 0.05))
    (fp_line (start -1.85 0.95) (end 1.85 0.95) (layer B.CrtYd) (width 0.05))
    (fp_line (start -1.85 -0.95) (end -1.85 0.95) (layer B.CrtYd) (width 0.05))
    (fp_line (start -0.261252 -0.71) (end 0.261252 -0.71) (layer B.SilkS) (width 0.12))
    (fp_line (start -0.261252 0.71) (end 0.261252 0.71) (layer B.SilkS) (width 0.12))
    (fp_line (start 1 -0.6) (end -1 -0.6) (layer B.Fab) (width 0.1))
    (fp_line (start 1 0.6) (end 1 -0.6) (layer B.Fab) (width 0.1))
    (fp_line (start -1 0.6) (end 1 0.6) (layer B.Fab) (width 0.1))
    (fp_line (start -1 -0.6) (end -1 0.6) (layer B.Fab) (width 0.1))
    (pad 2 smd roundrect (at 1.025 0) (size 1.15 1.4) (layers B.Cu B.Paste B.Mask) (roundrect_rratio 0.217391)
      (net 1 GND))
    (pad 1 smd roundrect (at -1.025 0) (size 1.15 1.4) (layers B.Cu B.Paste B.Mask) (roundrect_rratio 0.217391)
      (net 3 +3V3))
    (model ${KISYS3DMOD}/Capacitor_SMD.3dshapes/C_0805_2012Metric.wrl
      (at (xyz 0 0 0))
      (scale (xyz 1 1 1))
      (rotate (xyz 0 0 0))
    )
  )

  (module Package_SO:SOIC-16W_7.5x10.3mm_P1.27mm (layer F.Cu) (tedit 5D9F72B1) (tstamp 5E5BF45B)
    (at 141.986 94.361 90)
    (descr "SOIC, 16 Pin (JEDEC MS-013AA, https://www.analog.com/media/en/package-pcb-resources/package/pkg_pdf/soic_wide-rw/rw_16.pdf), generated with kicad-footprint-generator ipc_gullwing_generator.py")
    (tags "SOIC SO")
    (path /5E6B1B92/5E79ADDF)
    (attr smd)
    (fp_text reference U4 (at 0 -6.1 90) (layer F.SilkS)
      (effects (font (size 1 1) (thickness 0.15)))
    )
    (fp_text value MAX232 (at 0 6.1 90) (layer F.Fab)
      (effects (font (size 1 1) (thickness 0.15)))
    )
    (fp_text user %R (at 0 0 90) (layer F.Fab)
      (effects (font (size 1 1) (thickness 0.15)))
    )
    (fp_line (start 5.93 -5.4) (end -5.93 -5.4) (layer F.CrtYd) (width 0.05))
    (fp_line (start 5.93 5.4) (end 5.93 -5.4) (layer F.CrtYd) (width 0.05))
    (fp_line (start -5.93 5.4) (end 5.93 5.4) (layer F.CrtYd) (width 0.05))
    (fp_line (start -5.93 -5.4) (end -5.93 5.4) (layer F.CrtYd) (width 0.05))
    (fp_line (start -3.75 -4.15) (end -2.75 -5.15) (layer F.Fab) (width 0.1))
    (fp_line (start -3.75 5.15) (end -3.75 -4.15) (layer F.Fab) (width 0.1))
    (fp_line (start 3.75 5.15) (end -3.75 5.15) (layer F.Fab) (width 0.1))
    (fp_line (start 3.75 -5.15) (end 3.75 5.15) (layer F.Fab) (width 0.1))
    (fp_line (start -2.75 -5.15) (end 3.75 -5.15) (layer F.Fab) (width 0.1))
    (fp_line (start -3.86 -5.005) (end -5.675 -5.005) (layer F.SilkS) (width 0.12))
    (fp_line (start -3.86 -5.26) (end -3.86 -5.005) (layer F.SilkS) (width 0.12))
    (fp_line (start 0 -5.26) (end -3.86 -5.26) (layer F.SilkS) (width 0.12))
    (fp_line (start 3.86 -5.26) (end 3.86 -5.005) (layer F.SilkS) (width 0.12))
    (fp_line (start 0 -5.26) (end 3.86 -5.26) (layer F.SilkS) (width 0.12))
    (fp_line (start -3.86 5.26) (end -3.86 5.005) (layer F.SilkS) (width 0.12))
    (fp_line (start 0 5.26) (end -3.86 5.26) (layer F.SilkS) (width 0.12))
    (fp_line (start 3.86 5.26) (end 3.86 5.005) (layer F.SilkS) (width 0.12))
    (fp_line (start 0 5.26) (end 3.86 5.26) (layer F.SilkS) (width 0.12))
    (pad 16 smd roundrect (at 4.65 -4.445 90) (size 2.05 0.6) (layers F.Cu F.Paste F.Mask) (roundrect_rratio 0.25)
      (net 3 +3V3))
    (pad 15 smd roundrect (at 4.65 -3.175 90) (size 2.05 0.6) (layers F.Cu F.Paste F.Mask) (roundrect_rratio 0.25)
      (net 1 GND))
    (pad 14 smd roundrect (at 4.65 -1.905 90) (size 2.05 0.6) (layers F.Cu F.Paste F.Mask) (roundrect_rratio 0.25)
      (net 45 "Net-(J3-Pad1)"))
    (pad 13 smd roundrect (at 4.65 -0.635 90) (size 2.05 0.6) (layers F.Cu F.Paste F.Mask) (roundrect_rratio 0.25)
      (net 44 "Net-(J3-Pad2)"))
    (pad 12 smd roundrect (at 4.65 0.635 90) (size 2.05 0.6) (layers F.Cu F.Paste F.Mask) (roundrect_rratio 0.25)
      (net 58 "Net-(JP7-Pad2)"))
    (pad 11 smd roundrect (at 4.65 1.905 90) (size 2.05 0.6) (layers F.Cu F.Paste F.Mask) (roundrect_rratio 0.25)
      (net 56 "Net-(JP5-Pad2)"))
    (pad 10 smd roundrect (at 4.65 3.175 90) (size 2.05 0.6) (layers F.Cu F.Paste F.Mask) (roundrect_rratio 0.25)
      (net 57 "Net-(JP6-Pad2)"))
    (pad 9 smd roundrect (at 4.65 4.445 90) (size 2.05 0.6) (layers F.Cu F.Paste F.Mask) (roundrect_rratio 0.25)
      (net 59 "Net-(JP8-Pad2)"))
    (pad 8 smd roundrect (at -4.65 4.445 90) (size 2.05 0.6) (layers F.Cu F.Paste F.Mask) (roundrect_rratio 0.25)
      (net 46 "Net-(J4-Pad2)"))
    (pad 7 smd roundrect (at -4.65 3.175 90) (size 2.05 0.6) (layers F.Cu F.Paste F.Mask) (roundrect_rratio 0.25)
      (net 47 "Net-(J4-Pad1)"))
    (pad 6 smd roundrect (at -4.65 1.905 90) (size 2.05 0.6) (layers F.Cu F.Paste F.Mask) (roundrect_rratio 0.25)
      (net 37 "Net-(C5-Pad1)"))
    (pad 5 smd roundrect (at -4.65 0.635 90) (size 2.05 0.6) (layers F.Cu F.Paste F.Mask) (roundrect_rratio 0.25)
      (net 35 "Net-(C4-Pad2)"))
    (pad 4 smd roundrect (at -4.65 -0.635 90) (size 2.05 0.6) (layers F.Cu F.Paste F.Mask) (roundrect_rratio 0.25)
      (net 36 "Net-(C4-Pad1)"))
    (pad 3 smd roundrect (at -4.65 -1.905 90) (size 2.05 0.6) (layers F.Cu F.Paste F.Mask) (roundrect_rratio 0.25)
      (net 33 "Net-(C2-Pad2)"))
    (pad 2 smd roundrect (at -4.65 -3.175 90) (size 2.05 0.6) (layers F.Cu F.Paste F.Mask) (roundrect_rratio 0.25)
      (net 38 "Net-(C6-Pad1)"))
    (pad 1 smd roundrect (at -4.65 -4.445 90) (size 2.05 0.6) (layers F.Cu F.Paste F.Mask) (roundrect_rratio 0.25)
      (net 34 "Net-(C2-Pad1)"))
    (model ${KISYS3DMOD}/Package_SO.3dshapes/SOIC-16W_7.5x10.3mm_P1.27mm.wrl
      (at (xyz 0 0 0))
      (scale (xyz 1 1 1))
      (rotate (xyz 0 0 0))
    )
  )

  (module Button_Switch_SMD:SW_SPST_B3U-1000P (layer F.Cu) (tedit 5A02FC95) (tstamp 5E61ED4A)
    (at 110.06 71.628)
    (descr "Ultra-small-sized Tactile Switch with High Contact Reliability, Top-actuated Model, without Ground Terminal, without Boss")
    (tags "Tactile Switch")
    (path /5E66F946/5E68CC0F)
    (attr smd)
    (fp_text reference SW1 (at 3.224 0 270) (layer F.SilkS)
      (effects (font (size 1 1) (thickness 0.15)))
    )
    (fp_text value SW_Push (at 0 2.5) (layer F.Fab)
      (effects (font (size 1 1) (thickness 0.15)))
    )
    (fp_circle (center 0 0) (end 0.75 0) (layer F.Fab) (width 0.1))
    (fp_line (start -1.5 1.25) (end -1.5 -1.25) (layer F.Fab) (width 0.1))
    (fp_line (start 1.5 1.25) (end -1.5 1.25) (layer F.Fab) (width 0.1))
    (fp_line (start 1.5 -1.25) (end 1.5 1.25) (layer F.Fab) (width 0.1))
    (fp_line (start -1.5 -1.25) (end 1.5 -1.25) (layer F.Fab) (width 0.1))
    (fp_line (start 1.65 -1.4) (end 1.65 -1.1) (layer F.SilkS) (width 0.12))
    (fp_line (start -1.65 -1.4) (end 1.65 -1.4) (layer F.SilkS) (width 0.12))
    (fp_line (start -1.65 -1.1) (end -1.65 -1.4) (layer F.SilkS) (width 0.12))
    (fp_line (start 1.65 1.4) (end 1.65 1.1) (layer F.SilkS) (width 0.12))
    (fp_line (start -1.65 1.4) (end 1.65 1.4) (layer F.SilkS) (width 0.12))
    (fp_line (start -1.65 1.1) (end -1.65 1.4) (layer F.SilkS) (width 0.12))
    (fp_line (start -2.4 -1.65) (end -2.4 1.65) (layer F.CrtYd) (width 0.05))
    (fp_line (start 2.4 -1.65) (end -2.4 -1.65) (layer F.CrtYd) (width 0.05))
    (fp_line (start 2.4 1.65) (end 2.4 -1.65) (layer F.CrtYd) (width 0.05))
    (fp_line (start -2.4 1.65) (end 2.4 1.65) (layer F.CrtYd) (width 0.05))
    (fp_text user %R (at 0 -2.5) (layer F.Fab)
      (effects (font (size 1 1) (thickness 0.15)))
    )
    (pad 2 smd rect (at 1.7 0) (size 0.9 1.7) (layers F.Cu F.Paste F.Mask)
      (net 20 "Net-(P2-Pad3)"))
    (pad 1 smd rect (at -1.7 0) (size 0.9 1.7) (layers F.Cu F.Paste F.Mask)
      (net 1 GND))
    (model ${KISYS3DMOD}/Button_Switch_SMD.3dshapes/SW_SPST_B3U-1000P.wrl
      (at (xyz 0 0 0))
      (scale (xyz 1 1 1))
      (rotate (xyz 0 0 0))
    )
  )

  (module Crystal:Crystal_SMD_Abracon_ABS25-4Pin_8.0x3.8mm (layer F.Cu) (tedit 5C44C7B6) (tstamp 5E615558)
    (at 125.984 107.442 90)
    (descr "Abracon Miniature Ceramic SMD Crystal ABS25 https://abracon.com/Resonators/abs25.pdf, 8.0x3.8mm^2 package")
    (tags "SMD SMT crystal")
    (path /5E69055C/5E6BA79E)
    (attr smd)
    (fp_text reference Y1 (at 0 -5.08 90) (layer F.SilkS)
      (effects (font (size 1 1) (thickness 0.15)))
    )
    (fp_text value Crystal_GND23 (at 0 5.08 90) (layer F.Fab)
      (effects (font (size 1 1) (thickness 0.15)))
    )
    (fp_line (start -2.01 4.1) (end -2.01 3.7) (layer F.SilkS) (width 0.12))
    (fp_line (start 2.01 4.1) (end 2.01 3.7) (layer F.SilkS) (width 0.12))
    (fp_line (start 2.01 -4.1) (end 2.01 -3.7) (layer F.SilkS) (width 0.12))
    (fp_line (start -2.01 -1.8) (end -2.6 -1.8) (layer F.SilkS) (width 0.12))
    (fp_line (start -2.6 -3.7) (end -2.01 -3.7) (layer F.SilkS) (width 0.12))
    (fp_line (start 3.05 4.5) (end 3.05 -4.5) (layer F.CrtYd) (width 0.05))
    (fp_line (start -3.05 4.5) (end 3.05 4.5) (layer F.CrtYd) (width 0.05))
    (fp_line (start -3.05 -4.5) (end -3.05 4.5) (layer F.CrtYd) (width 0.05))
    (fp_line (start 3.05 -4.5) (end -3.05 -4.5) (layer F.CrtYd) (width 0.05))
    (fp_line (start 2.01 4.1) (end -2.01 4.1) (layer F.SilkS) (width 0.12))
    (fp_line (start -2.01 -4.1) (end -2.01 -3.7) (layer F.SilkS) (width 0.12))
    (fp_line (start 2.01 -4.1) (end -2.01 -4.1) (layer F.SilkS) (width 0.12))
    (fp_line (start -2.01 -1.8) (end -2.01 1.8) (layer F.SilkS) (width 0.12))
    (fp_line (start 2.01 -1.8) (end 2.01 1.8) (layer F.SilkS) (width 0.12))
    (fp_line (start -1.2 -4) (end 1.9 -4) (layer F.Fab) (width 0.1))
    (fp_line (start -1.9 -3.3) (end -1.2 -4) (layer F.Fab) (width 0.1))
    (fp_line (start -1.9 4) (end -1.9 -3.3) (layer F.Fab) (width 0.1))
    (fp_line (start 1.9 4) (end -1.9 4) (layer F.Fab) (width 0.1))
    (fp_line (start 1.9 -4) (end 1.9 4) (layer F.Fab) (width 0.1))
    (fp_text user %R (at 0 0 90) (layer F.Fab)
      (effects (font (size 1 1) (thickness 0.15)))
    )
    (pad 4 smd rect (at 1.6 -2.75) (size 1.3 1.9) (layers F.Cu F.Paste F.Mask)
      (net 51 "Net-(U1-Pad1)"))
    (pad 3 smd rect (at 1.6 2.75) (size 1.3 1.9) (layers F.Cu F.Paste F.Mask)
      (net 135 "Net-(Y1-Pad3)"))
    (pad 2 smd rect (at -1.6 2.75) (size 1.3 1.9) (layers F.Cu F.Paste F.Mask)
      (net 136 "Net-(Y1-Pad2)"))
    (pad 1 smd rect (at -1.6 -2.75) (size 1.3 1.9) (layers F.Cu F.Paste F.Mask)
      (net 50 "Net-(U1-Pad2)"))
    (model ${KISYS3DMOD}/Crystal.3dshapes/Crystal_SMD_Abracon_ABS25-4Pin_8.0x3.8mm.wrl
      (at (xyz 0 0 0))
      (scale (xyz 1 1 1))
      (rotate (xyz 0 0 0))
    )
  )

  (module Resistor_SMD:R_0805_2012Metric_Pad1.15x1.40mm_HandSolder (layer F.Cu) (tedit 5B36C52B) (tstamp 5E615112)
    (at 136.779 113.91 270)
    (descr "Resistor SMD 0805 (2012 Metric), square (rectangular) end terminal, IPC_7351 nominal with elongated pad for handsoldering. (Body size source: https://docs.google.com/spreadsheets/d/1BsfQQcO9C6DZCsRaXUlFlo91Tg2WpOkGARC1WS5S8t0/edit?usp=sharing), generated with kicad-footprint-generator")
    (tags "resistor handsolder")
    (path /5E66F946/5E68CC27)
    (attr smd)
    (fp_text reference R4 (at -2.404 0 180) (layer F.SilkS)
      (effects (font (size 1 1) (thickness 0.15)))
    )
    (fp_text value R_US (at 0 1.65 90) (layer F.Fab)
      (effects (font (size 1 1) (thickness 0.15)))
    )
    (fp_text user %R (at 0 0 90) (layer F.Fab)
      (effects (font (size 0.5 0.5) (thickness 0.08)))
    )
    (fp_line (start 1.85 0.95) (end -1.85 0.95) (layer F.CrtYd) (width 0.05))
    (fp_line (start 1.85 -0.95) (end 1.85 0.95) (layer F.CrtYd) (width 0.05))
    (fp_line (start -1.85 -0.95) (end 1.85 -0.95) (layer F.CrtYd) (width 0.05))
    (fp_line (start -1.85 0.95) (end -1.85 -0.95) (layer F.CrtYd) (width 0.05))
    (fp_line (start -0.261252 0.71) (end 0.261252 0.71) (layer F.SilkS) (width 0.12))
    (fp_line (start -0.261252 -0.71) (end 0.261252 -0.71) (layer F.SilkS) (width 0.12))
    (fp_line (start 1 0.6) (end -1 0.6) (layer F.Fab) (width 0.1))
    (fp_line (start 1 -0.6) (end 1 0.6) (layer F.Fab) (width 0.1))
    (fp_line (start -1 -0.6) (end 1 -0.6) (layer F.Fab) (width 0.1))
    (fp_line (start -1 0.6) (end -1 -0.6) (layer F.Fab) (width 0.1))
    (pad 2 smd roundrect (at 1.025 0 270) (size 1.15 1.4) (layers F.Cu F.Paste F.Mask) (roundrect_rratio 0.217391)
      (net 10 /arduino_mega/SDA))
    (pad 1 smd roundrect (at -1.025 0 270) (size 1.15 1.4) (layers F.Cu F.Paste F.Mask) (roundrect_rratio 0.217391)
      (net 2 +5V))
    (model ${KISYS3DMOD}/Resistor_SMD.3dshapes/R_0805_2012Metric.wrl
      (at (xyz 0 0 0))
      (scale (xyz 1 1 1))
      (rotate (xyz 0 0 0))
    )
  )

  (module Resistor_SMD:R_0805_2012Metric_Pad1.15x1.40mm_HandSolder (layer F.Cu) (tedit 5B36C52B) (tstamp 5E615101)
    (at 134.62 113.928 270)
    (descr "Resistor SMD 0805 (2012 Metric), square (rectangular) end terminal, IPC_7351 nominal with elongated pad for handsoldering. (Body size source: https://docs.google.com/spreadsheets/d/1BsfQQcO9C6DZCsRaXUlFlo91Tg2WpOkGARC1WS5S8t0/edit?usp=sharing), generated with kicad-footprint-generator")
    (tags "resistor handsolder")
    (path /5E66F946/5E68CC21)
    (attr smd)
    (fp_text reference R3 (at -2.422 0 180) (layer F.SilkS)
      (effects (font (size 1 1) (thickness 0.15)))
    )
    (fp_text value R_US (at 0 1.65 90) (layer F.Fab)
      (effects (font (size 1 1) (thickness 0.15)))
    )
    (fp_text user %R (at 0 0 90) (layer F.Fab)
      (effects (font (size 0.5 0.5) (thickness 0.08)))
    )
    (fp_line (start 1.85 0.95) (end -1.85 0.95) (layer F.CrtYd) (width 0.05))
    (fp_line (start 1.85 -0.95) (end 1.85 0.95) (layer F.CrtYd) (width 0.05))
    (fp_line (start -1.85 -0.95) (end 1.85 -0.95) (layer F.CrtYd) (width 0.05))
    (fp_line (start -1.85 0.95) (end -1.85 -0.95) (layer F.CrtYd) (width 0.05))
    (fp_line (start -0.261252 0.71) (end 0.261252 0.71) (layer F.SilkS) (width 0.12))
    (fp_line (start -0.261252 -0.71) (end 0.261252 -0.71) (layer F.SilkS) (width 0.12))
    (fp_line (start 1 0.6) (end -1 0.6) (layer F.Fab) (width 0.1))
    (fp_line (start 1 -0.6) (end 1 0.6) (layer F.Fab) (width 0.1))
    (fp_line (start -1 -0.6) (end 1 -0.6) (layer F.Fab) (width 0.1))
    (fp_line (start -1 0.6) (end -1 -0.6) (layer F.Fab) (width 0.1))
    (pad 2 smd roundrect (at 1.025 0 270) (size 1.15 1.4) (layers F.Cu F.Paste F.Mask) (roundrect_rratio 0.217391)
      (net 11 /arduino_mega/SCL))
    (pad 1 smd roundrect (at -1.025 0 270) (size 1.15 1.4) (layers F.Cu F.Paste F.Mask) (roundrect_rratio 0.217391)
      (net 2 +5V))
    (model ${KISYS3DMOD}/Resistor_SMD.3dshapes/R_0805_2012Metric.wrl
      (at (xyz 0 0 0))
      (scale (xyz 1 1 1))
      (rotate (xyz 0 0 0))
    )
  )

  (module Package_TO_SOT_SMD:SOT-23-5 (layer B.Cu) (tedit 5A02FF57) (tstamp 5E60F841)
    (at 133.69 106.555 180)
    (descr "5-pin SOT23 package")
    (tags SOT-23-5)
    (path /5E66F946/5E6814F4)
    (attr smd)
    (fp_text reference U9 (at 0 2.9) (layer B.SilkS)
      (effects (font (size 1 1) (thickness 0.15)) (justify mirror))
    )
    (fp_text value AP2204K-3.3 (at 0 -2.9) (layer B.Fab)
      (effects (font (size 1 1) (thickness 0.15)) (justify mirror))
    )
    (fp_line (start 0.9 1.55) (end 0.9 -1.55) (layer B.Fab) (width 0.1))
    (fp_line (start 0.9 -1.55) (end -0.9 -1.55) (layer B.Fab) (width 0.1))
    (fp_line (start -0.9 0.9) (end -0.9 -1.55) (layer B.Fab) (width 0.1))
    (fp_line (start 0.9 1.55) (end -0.25 1.55) (layer B.Fab) (width 0.1))
    (fp_line (start -0.9 0.9) (end -0.25 1.55) (layer B.Fab) (width 0.1))
    (fp_line (start -1.9 -1.8) (end -1.9 1.8) (layer B.CrtYd) (width 0.05))
    (fp_line (start 1.9 -1.8) (end -1.9 -1.8) (layer B.CrtYd) (width 0.05))
    (fp_line (start 1.9 1.8) (end 1.9 -1.8) (layer B.CrtYd) (width 0.05))
    (fp_line (start -1.9 1.8) (end 1.9 1.8) (layer B.CrtYd) (width 0.05))
    (fp_line (start 0.9 1.61) (end -1.55 1.61) (layer B.SilkS) (width 0.12))
    (fp_line (start -0.9 -1.61) (end 0.9 -1.61) (layer B.SilkS) (width 0.12))
    (fp_text user %R (at 0 0 270) (layer B.Fab)
      (effects (font (size 0.5 0.5) (thickness 0.075)) (justify mirror))
    )
    (pad 5 smd rect (at 1.1 0.95 180) (size 1.06 0.65) (layers B.Cu B.Paste B.Mask)
      (net 3 +3V3))
    (pad 4 smd rect (at 1.1 -0.95 180) (size 1.06 0.65) (layers B.Cu B.Paste B.Mask)
      (net 134 "Net-(U9-Pad4)"))
    (pad 3 smd rect (at -1.1 -0.95 180) (size 1.06 0.65) (layers B.Cu B.Paste B.Mask)
      (net 2 +5V))
    (pad 2 smd rect (at -1.1 0 180) (size 1.06 0.65) (layers B.Cu B.Paste B.Mask)
      (net 1 GND))
    (pad 1 smd rect (at -1.1 0.95 180) (size 1.06 0.65) (layers B.Cu B.Paste B.Mask)
      (net 2 +5V))
    (model ${KISYS3DMOD}/Package_TO_SOT_SMD.3dshapes/SOT-23-5.wrl
      (at (xyz 0 0 0))
      (scale (xyz 1 1 1))
      (rotate (xyz 0 0 0))
    )
  )

  (module Capacitor_SMD:C_0805_2012Metric_Pad1.15x1.40mm_HandSolder (layer B.Cu) (tedit 5B36C52B) (tstamp 5E6101D4)
    (at 125.984 106.562 270)
    (descr "Capacitor SMD 0805 (2012 Metric), square (rectangular) end terminal, IPC_7351 nominal with elongated pad for handsoldering. (Body size source: https://docs.google.com/spreadsheets/d/1BsfQQcO9C6DZCsRaXUlFlo91Tg2WpOkGARC1WS5S8t0/edit?usp=sharing), generated with kicad-footprint-generator")
    (tags "capacitor handsolder")
    (path /5E66F946/5E650615)
    (attr smd)
    (fp_text reference C10 (at -2.549 0 180) (layer B.SilkS)
      (effects (font (size 1 1) (thickness 0.15)) (justify mirror))
    )
    (fp_text value C (at 0 -1.65 270) (layer B.Fab)
      (effects (font (size 1 1) (thickness 0.15)) (justify mirror))
    )
    (fp_text user %R (at 0 0 270) (layer B.Fab)
      (effects (font (size 0.5 0.5) (thickness 0.08)) (justify mirror))
    )
    (fp_line (start 1.85 -0.95) (end -1.85 -0.95) (layer B.CrtYd) (width 0.05))
    (fp_line (start 1.85 0.95) (end 1.85 -0.95) (layer B.CrtYd) (width 0.05))
    (fp_line (start -1.85 0.95) (end 1.85 0.95) (layer B.CrtYd) (width 0.05))
    (fp_line (start -1.85 -0.95) (end -1.85 0.95) (layer B.CrtYd) (width 0.05))
    (fp_line (start -0.261252 -0.71) (end 0.261252 -0.71) (layer B.SilkS) (width 0.12))
    (fp_line (start -0.261252 0.71) (end 0.261252 0.71) (layer B.SilkS) (width 0.12))
    (fp_line (start 1 -0.6) (end -1 -0.6) (layer B.Fab) (width 0.1))
    (fp_line (start 1 0.6) (end 1 -0.6) (layer B.Fab) (width 0.1))
    (fp_line (start -1 0.6) (end 1 0.6) (layer B.Fab) (width 0.1))
    (fp_line (start -1 -0.6) (end -1 0.6) (layer B.Fab) (width 0.1))
    (pad 2 smd roundrect (at 1.025 0 270) (size 1.15 1.4) (layers B.Cu B.Paste B.Mask) (roundrect_rratio 0.217391)
      (net 1 GND))
    (pad 1 smd roundrect (at -1.025 0 270) (size 1.15 1.4) (layers B.Cu B.Paste B.Mask) (roundrect_rratio 0.217391)
      (net 3 +3V3))
    (model ${KISYS3DMOD}/Capacitor_SMD.3dshapes/C_0805_2012Metric.wrl
      (at (xyz 0 0 0))
      (scale (xyz 1 1 1))
      (rotate (xyz 0 0 0))
    )
  )

  (module Capacitor_SMD:C_0805_2012Metric_Pad1.15x1.40mm_HandSolder (layer B.Cu) (tedit 5B36C52B) (tstamp 5E60EE0C)
    (at 129.413 106.562 270)
    (descr "Capacitor SMD 0805 (2012 Metric), square (rectangular) end terminal, IPC_7351 nominal with elongated pad for handsoldering. (Body size source: https://docs.google.com/spreadsheets/d/1BsfQQcO9C6DZCsRaXUlFlo91Tg2WpOkGARC1WS5S8t0/edit?usp=sharing), generated with kicad-footprint-generator")
    (tags "capacitor handsolder")
    (path /5E66F946/5E64FAF8)
    (attr smd)
    (fp_text reference C9 (at -2.549 0 180) (layer B.SilkS)
      (effects (font (size 1 1) (thickness 0.15)) (justify mirror))
    )
    (fp_text value C (at 0 -1.65 270) (layer B.Fab)
      (effects (font (size 1 1) (thickness 0.15)) (justify mirror))
    )
    (fp_text user %R (at 0 0 270) (layer B.Fab)
      (effects (font (size 0.5 0.5) (thickness 0.08)) (justify mirror))
    )
    (fp_line (start 1.85 -0.95) (end -1.85 -0.95) (layer B.CrtYd) (width 0.05))
    (fp_line (start 1.85 0.95) (end 1.85 -0.95) (layer B.CrtYd) (width 0.05))
    (fp_line (start -1.85 0.95) (end 1.85 0.95) (layer B.CrtYd) (width 0.05))
    (fp_line (start -1.85 -0.95) (end -1.85 0.95) (layer B.CrtYd) (width 0.05))
    (fp_line (start -0.261252 -0.71) (end 0.261252 -0.71) (layer B.SilkS) (width 0.12))
    (fp_line (start -0.261252 0.71) (end 0.261252 0.71) (layer B.SilkS) (width 0.12))
    (fp_line (start 1 -0.6) (end -1 -0.6) (layer B.Fab) (width 0.1))
    (fp_line (start 1 0.6) (end 1 -0.6) (layer B.Fab) (width 0.1))
    (fp_line (start -1 0.6) (end 1 0.6) (layer B.Fab) (width 0.1))
    (fp_line (start -1 -0.6) (end -1 0.6) (layer B.Fab) (width 0.1))
    (pad 2 smd roundrect (at 1.025 0 270) (size 1.15 1.4) (layers B.Cu B.Paste B.Mask) (roundrect_rratio 0.217391)
      (net 1 GND))
    (pad 1 smd roundrect (at -1.025 0 270) (size 1.15 1.4) (layers B.Cu B.Paste B.Mask) (roundrect_rratio 0.217391)
      (net 3 +3V3))
    (model ${KISYS3DMOD}/Capacitor_SMD.3dshapes/C_0805_2012Metric.wrl
      (at (xyz 0 0 0))
      (scale (xyz 1 1 1))
      (rotate (xyz 0 0 0))
    )
  )

  (module Capacitor_SMD:C_0805_2012Metric_Pad1.15x1.40mm_HandSolder (layer B.Cu) (tedit 5B36C52B) (tstamp 5E60EDFB)
    (at 141.478 104.512 90)
    (descr "Capacitor SMD 0805 (2012 Metric), square (rectangular) end terminal, IPC_7351 nominal with elongated pad for handsoldering. (Body size source: https://docs.google.com/spreadsheets/d/1BsfQQcO9C6DZCsRaXUlFlo91Tg2WpOkGARC1WS5S8t0/edit?usp=sharing), generated with kicad-footprint-generator")
    (tags "capacitor handsolder")
    (path /5E66F946/5E6532AD)
    (attr smd)
    (fp_text reference C8 (at -2.549 0) (layer B.SilkS)
      (effects (font (size 1 1) (thickness 0.15)) (justify mirror))
    )
    (fp_text value C (at 0 -1.65 270) (layer B.Fab)
      (effects (font (size 1 1) (thickness 0.15)) (justify mirror))
    )
    (fp_text user %R (at 0 0 270) (layer B.Fab)
      (effects (font (size 0.5 0.5) (thickness 0.08)) (justify mirror))
    )
    (fp_line (start 1.85 -0.95) (end -1.85 -0.95) (layer B.CrtYd) (width 0.05))
    (fp_line (start 1.85 0.95) (end 1.85 -0.95) (layer B.CrtYd) (width 0.05))
    (fp_line (start -1.85 0.95) (end 1.85 0.95) (layer B.CrtYd) (width 0.05))
    (fp_line (start -1.85 -0.95) (end -1.85 0.95) (layer B.CrtYd) (width 0.05))
    (fp_line (start -0.261252 -0.71) (end 0.261252 -0.71) (layer B.SilkS) (width 0.12))
    (fp_line (start -0.261252 0.71) (end 0.261252 0.71) (layer B.SilkS) (width 0.12))
    (fp_line (start 1 -0.6) (end -1 -0.6) (layer B.Fab) (width 0.1))
    (fp_line (start 1 0.6) (end 1 -0.6) (layer B.Fab) (width 0.1))
    (fp_line (start -1 0.6) (end 1 0.6) (layer B.Fab) (width 0.1))
    (fp_line (start -1 -0.6) (end -1 0.6) (layer B.Fab) (width 0.1))
    (pad 2 smd roundrect (at 1.025 0 90) (size 1.15 1.4) (layers B.Cu B.Paste B.Mask) (roundrect_rratio 0.217391)
      (net 1 GND))
    (pad 1 smd roundrect (at -1.025 0 90) (size 1.15 1.4) (layers B.Cu B.Paste B.Mask) (roundrect_rratio 0.217391)
      (net 2 +5V))
    (model ${KISYS3DMOD}/Capacitor_SMD.3dshapes/C_0805_2012Metric.wrl
      (at (xyz 0 0 0))
      (scale (xyz 1 1 1))
      (rotate (xyz 0 0 0))
    )
  )

  (module Capacitor_SMD:C_0805_2012Metric_Pad1.15x1.40mm_HandSolder (layer B.Cu) (tedit 5B36C52B) (tstamp 5E60EDEA)
    (at 138.049 104.512 90)
    (descr "Capacitor SMD 0805 (2012 Metric), square (rectangular) end terminal, IPC_7351 nominal with elongated pad for handsoldering. (Body size source: https://docs.google.com/spreadsheets/d/1BsfQQcO9C6DZCsRaXUlFlo91Tg2WpOkGARC1WS5S8t0/edit?usp=sharing), generated with kicad-footprint-generator")
    (tags "capacitor handsolder")
    (path /5E66F946/5E6560BB)
    (attr smd)
    (fp_text reference C7 (at -2.549 0 180) (layer B.SilkS)
      (effects (font (size 1 1) (thickness 0.15)) (justify mirror))
    )
    (fp_text value C (at 0 -1.65 270) (layer B.Fab)
      (effects (font (size 1 1) (thickness 0.15)) (justify mirror))
    )
    (fp_text user %R (at 0 0 270) (layer B.Fab)
      (effects (font (size 0.5 0.5) (thickness 0.08)) (justify mirror))
    )
    (fp_line (start 1.85 -0.95) (end -1.85 -0.95) (layer B.CrtYd) (width 0.05))
    (fp_line (start 1.85 0.95) (end 1.85 -0.95) (layer B.CrtYd) (width 0.05))
    (fp_line (start -1.85 0.95) (end 1.85 0.95) (layer B.CrtYd) (width 0.05))
    (fp_line (start -1.85 -0.95) (end -1.85 0.95) (layer B.CrtYd) (width 0.05))
    (fp_line (start -0.261252 -0.71) (end 0.261252 -0.71) (layer B.SilkS) (width 0.12))
    (fp_line (start -0.261252 0.71) (end 0.261252 0.71) (layer B.SilkS) (width 0.12))
    (fp_line (start 1 -0.6) (end -1 -0.6) (layer B.Fab) (width 0.1))
    (fp_line (start 1 0.6) (end 1 -0.6) (layer B.Fab) (width 0.1))
    (fp_line (start -1 0.6) (end 1 0.6) (layer B.Fab) (width 0.1))
    (fp_line (start -1 -0.6) (end -1 0.6) (layer B.Fab) (width 0.1))
    (pad 2 smd roundrect (at 1.025 0 90) (size 1.15 1.4) (layers B.Cu B.Paste B.Mask) (roundrect_rratio 0.217391)
      (net 1 GND))
    (pad 1 smd roundrect (at -1.025 0 90) (size 1.15 1.4) (layers B.Cu B.Paste B.Mask) (roundrect_rratio 0.217391)
      (net 2 +5V))
    (model ${KISYS3DMOD}/Capacitor_SMD.3dshapes/C_0805_2012Metric.wrl
      (at (xyz 0 0 0))
      (scale (xyz 1 1 1))
      (rotate (xyz 0 0 0))
    )
  )

  (module Connector_Molex:Molex_KK-254_AE-6410-02A_1x02_P2.54mm_Vertical (layer F.Cu) (tedit 5B78013E) (tstamp 5E6063AD)
    (at 142.494 111.1885 180)
    (descr "Molex KK-254 Interconnect System, old/engineering part number: AE-6410-02A example for new part number: 22-27-2021, 2 Pins (http://www.molex.com/pdm_docs/sd/022272021_sd.pdf), generated with kicad-footprint-generator")
    (tags "connector Molex KK-254 side entry")
    (path /5E66F946/5E62BBBA)
    (fp_text reference J11 (at 1.27 4.064) (layer F.SilkS)
      (effects (font (size 1 1) (thickness 0.15)))
    )
    (fp_text value Conn_01x02 (at 1.27 4.08) (layer F.Fab)
      (effects (font (size 1 1) (thickness 0.15)))
    )
    (fp_text user %R (at 1.27 -2.22) (layer F.Fab)
      (effects (font (size 1 1) (thickness 0.15)))
    )
    (fp_line (start 4.31 -3.42) (end -1.77 -3.42) (layer F.CrtYd) (width 0.05))
    (fp_line (start 4.31 3.38) (end 4.31 -3.42) (layer F.CrtYd) (width 0.05))
    (fp_line (start -1.77 3.38) (end 4.31 3.38) (layer F.CrtYd) (width 0.05))
    (fp_line (start -1.77 -3.42) (end -1.77 3.38) (layer F.CrtYd) (width 0.05))
    (fp_line (start 3.34 -2.43) (end 3.34 -3.03) (layer F.SilkS) (width 0.12))
    (fp_line (start 1.74 -2.43) (end 3.34 -2.43) (layer F.SilkS) (width 0.12))
    (fp_line (start 1.74 -3.03) (end 1.74 -2.43) (layer F.SilkS) (width 0.12))
    (fp_line (start 0.8 -2.43) (end 0.8 -3.03) (layer F.SilkS) (width 0.12))
